BSPLINE
15
16

10 10
10 5
10 0
10 -5
10 -10
5 -10
0 -10
-5 -10
-10 -10
-10 -5
-10 0
-10 5
-10 10
-5 10
0 10
5 10
0
0 0 0 0
0 -10 0

10 10
10 5
10 0
10 -5
10 -10
5 -10
0 -10
-5 -10
-10 -10
-10 -5
-10 0
-10 5
-10 10
-5 10
0 10
5 10
0
0 0 0 0
0 -10 0

10 10
14 5
10 0
7.5 -2.5
5 -5
2.5 -7.5
0 -10
-2.5 -7.5
-5 -5
-7.5 -2.5
-10 0
-14 5
-10 10
-5 13
0 5
5 13
0.6
0 0 0 0
0 -10 -1

10 10
14 5
10 0
7.5 -2.5
5 -5
2.5 -7.5
0 -10
-2.5 -7.5
-5 -5
-7.5 -2.5
-10 0
-14 5
-10 10
-5 13
0 5
5 13
0.6
0 0 0 0
0 -7 -1

10 10
10 5
10 0
10 -5
10 -10
5 -10
0 -10
-5 -10
-10 -10
-10 -5
-10 0
-10 5
-10 10
-5 10
0 10
5 10
0.9
0 0 0 0
0 -7 0

10 10
12 5
10 0
12 -5
10 -10
5 -12
0 -10
-5 -12
-10 -10
-12 -5
-10 0
-12 5
-10 10
-5 12
0 10
5 12
0.9
0 0 0 0
0 -10 0

10 10
12 5
10 0
12 -5
10 -10
5 -12
0 -10
-5 -12
-10 -10
-12 -5
-10 0
-12 5
-10 10
-5 12
0 10
5 12
1
0 0 0 0
0 -10 0

10 10
12 5
10 0
12 -5
10 -10
5 -12
0 -10
-5 -12
-10 -10
-12 -5
-10 0
-12 5
-10 10
-5 12
0 10
5 12
1
0 0 0 0
0 10 0

10 10
12 5
10 0
12 -5
10 -10
5 -12
0 -10
-5 -12
-10 -10
-12 -5
-10 0
-12 5
-10 10
-5 12
0 10
5 12
0.9
0 0 0 0
0 10 0

10 10
10 5
10 0
10 -5
10 -10
5 -10
0 -10
-5 -10
-10 -10
-10 -5
-10 0
-10 5
-10 10
-5 10
0 10
5 10
0.9
0 0 0 0
0 7 0

10 10
14 5
10 0
7.5 -2.5
5 -5
2.5 -7.5
0 -10
-2.5 -7.5
-5 -5
-7.5 -2.5
-10 0
-14 5
-10 10
-5 13
0 5
5 13
0.6
0 0 0 0
0 7 -1

10 10
14 5
10 0
7.5 -2.5
5 -5
2.5 -7.5
0 -10
-2.5 -7.5
-5 -5
-7.5 -2.5
-10 0
-14 5
-10 10
-5 13
0 5
5 13
0.6
0 0 0 0
0 10 -1

10 10
10 5
10 0
10 -5
10 -10
5 -10
0 -10
-5 -10
-10 -10
-10 -5
-10 0
-10 5
-10 10
-5 10
0 10
5 10
0
0 0 0 0
0 10 0

10 10
10 5
10 0
10 -5
10 -10
5 -10
0 -10
-5 -10
-10 -10
-10 -5
-10 0
-10 5
-10 10
-5 10
0 10
5 10
0
0 0 0 0
0 10 0

10 10
10 5
10 0
10 -5
10 -10
5 -10
0 -10
-5 -10
-10 -10
-10 -5
-10 0
-10 5
-10 10
-5 10
0 10
5 10
0
0 0 0 0
0 10 0