o output.bmp 1024 1024
e 0 4
e 4 0.0001
m model/room.obj 1
m model/monkey.obj 0
m model/mirror.obj 0
m model/cube.obj 1
t texture/chess.bmp
t texture/earth.bmp
t texture/lena.bmp
t texture/bump.bmp
# 벽
p 0 0 20 -40 50 0.1 0.1 0.1 0.9 0.9 0.9 0 0 0 1 0 0 0 0 0 0 1 -1 0
# 원숭이
p 1 0 25 -70 15 0.1 0.1 0.0 0.9 0.9 0.0 0 0 0 1 0 0 0 0 0 0 1 -1 -1
# 지구
s -30 40 -70 10 0.1 0.1 0.1 0.9 0.9 0.9 0 0 0 1 0 0 0 0 0 0 1 1 -1
# 큐브
p 3 30 40 -70 8 0.1 0.1 0.1 0.9 0.9 0.9 0 0 0 1 0 0 0 0 0 0 1 2 3
# 굴절공
s -30 -5 -60 10 0 0 0 0 0 0 0 0 0 1 0 0 0 0.9 0.9 0.9 1.33 -1 -1
# 반사공
s 30 -5 -60 10 0 0 0 0 0 0 0 0 0 1 1 1 1 0 0 0 1 -1 -1
# 45도 반사
p 2 0 -20 -55 15 0 0 0 0 0 0 0 0 0 1 1 1 1 0 0 0 1 -1 -1
s 0 -25 -40 5 0.0 0.1 0.0 0.0 0.2 0.0 0.0 0.7 0.0 32 0 0 0 0 0 0 1 -1 -1
s -5 -25 -35 4 0.1 0.0 0.0 0.2 0.0 0.0 0.7 0.0 0.0 32 0 0 0 0 0 0 1 -1 -1
s 5 -25 -35 4 0.0 0.0 0.1 0.0 0.0 0.2 0.0 0.0 0.7 32 0 0 0 0 0 0 1 -1 -1
l 0 60 -30 1 1 1
